101011111011001101100011111000010100101100000000
010111110110011011000111110000101001011000000001
101111101100110110001111100001010010110000000010
011111011001101100011111000010100101100000000101
111110110011011000111110000101001011000000001010
111101100110110001111100001010010110000000010101
111011001101100011111000010100101100000000101011
110110011011000111110000101001011000000001010111
101100110110001111100001010010110000000010101111
011001101100011111000010100101100000000101011111
110011011000111110000101001011000000001010111110
100110110001111100001010010110000000010101111101
001101100011111000010100101100000000101011111011
011011000111110000101001011000000001010111110110
110110001111100001010010110000000010101111101100
101100011111000010100101100000000101011111011001
011000111110000101001011000000001010111110110011
110001111100001010010110000000010101111101100110
100011111000010100101100000000101011111011001101
000111110000101001011000000001010111110110011011
001111100001010010110000000010101111101100110110
011111000010100101100000000101011111011001101100
111110000101001011000000001010111110110011011000
111100001010010110000000010101111101100110110001
111000010100101100000000101011111011001101100011
110000101001011000000001010111110110011011000111
100001010010110000000010101111101100110110001111
000010100101100000000101011111011001101100011111
000101001011000000001010111110110011011000111110
001010010110000000010101111101100110110001111100
010100101100000000101011111011001101100011111000
101001011000000001010111110110011011000111110000
010010110000000010101111101100110110001111100001
100101100000000101011111011001101100011111000010
001011000000001010111110110011011000111110000101
010110000000010101111101100110110001111100001010
101100000000101011111011001101100011111000010100
011000000001010111110110011011000111110000101001
110000000010101111101100110110001111100001010010
100000000101011111011001101100011111000010100101
000000001010111110110011011000111110000101001011
000000010101111101100110110001111100001010010110
000000101011111011001101100011111000010100101100
000001010111110110011011000111110000101001011000
000010101111101100110110001111100001010010110000
000101011111011001101100011111000010100101100000
001010111110110011011000111110000101001011000000
010101111101100110110001111100001010010110000000
000000001101001010000111110001101100110111110101
000000011010010100001111100011011001101111101010
000000110100101000011111000110110011011111010100
000001101001010000111110001101100110111110101000
000011010010100001111100011011001101111101010000
000110100101000011111000110110011011111010100000
001101001010000111110001101100110111110101000000
011010010100001111100011011001101111101010000000
110100101000011111000110110011011111010100000000
101001010000111110001101100110111110101000000001
010010100001111100011011001101111101010000000011
100101000011111000110110011011111010100000000110
001010000111110001101100110111110101000000001101
010100001111100011011001101111101010000000011010
101000011111000110110011011111010100000000110100
010000111110001101100110111110101000000001101001
100001111100011011001101111101010000000011010010
000011111000110110011011111010100000000110100101
000111110001101100110111110101000000001101001010
001111100011011001101111101010000000011010010100
011111000110110011011111010100000000110100101000
111110001101100110111110101000000001101001010000
111100011011001101111101010000000011010010100001
111000110110011011111010100000000110100101000011
110001101100110111110101000000001101001010000111
100011011001101111101010000000011010010100001111
000110110011011111010100000000110100101000011111
001101100110111110101000000001101001010000111110
011011001101111101010000000011010010100001111100
110110011011111010100000000110100101000011111000
101100110111110101000000001101001010000111110001
011001101111101010000000011010010100001111100011
110011011111010100000000110100101000011111000110
100110111110101000000001101001010000111110001101
001101111101010000000011010010100001111100011011
011011111010100000000110100101000011111000110110
110111110101000000001101001010000111110001101100
101111101010000000011010010100001111100011011001
011111010100000000110100101000011111000110110011
111110101000000001101001010000111110001101100110
111101010000000011010010100001111100011011001101
111010100000000110100101000011111000110110011011
110101000000001101001010000111110001101100110111
101010000000011010010100001111100011011001101111
010100000000110100101000011111000110110011011111
101000000001101001010000111110001101100110111110
010000000011010010100001111100011011001101111101
100000000110100101000011111000110110011011111010
110100101000011111000110110011011111010100000000
101001010000111110001101100110111110101000000001
010010100001111100011011001101111101010000000011
100101000011111000110110011011111010100000000110
001010000111110001101100110111110101000000001101
010100001111100011011001101111101010000000011010
101000011111000110110011011111010100000000110100
010000111110001101100110111110101000000001101001
100001111100011011001101111101010000000011010010
000011111000110110011011111010100000000110100101
000111110001101100110111110101000000001101001010
001111100011011001101111101010000000011010010100
011111000110110011011111010100000000110100101000
111110001101100110111110101000000001101001010000
111100011011001101111101010000000011010010100001
111000110110011011111010100000000110100101000011
110001101100110111110101000000001101001010000111
100011011001101111101010000000011010010100001111
000110110011011111010100000000110100101000011111
001101100110111110101000000001101001010000111110
011011001101111101010000000011010010100001111100
110110011011111010100000000110100101000011111000
101100110111110101000000001101001010000111110001
011001101111101010000000011010010100001111100011
110011011111010100000000110100101000011111000110
100110111110101000000001101001010000111110001101
001101111101010000000011010010100001111100011011
011011111010100000000110100101000011111000110110
110111110101000000001101001010000111110001101100
101111101010000000011010010100001111100011011001
011111010100000000110100101000011111000110110011
111110101000000001101001010000111110001101100110
111101010000000011010010100001111100011011001101
111010100000000110100101000011111000110110011011
110101000000001101001010000111110001101100110111
101010000000011010010100001111100011011001101111
010100000000110100101000011111000110110011011111
101000000001101001010000111110001101100110111110
010000000011010010100001111100011011001101111101
100000000110100101000011111000110110011011111010
000000001101001010000111110001101100110111110101
000000011010010100001111100011011001101111101010
000000110100101000011111000110110011011111010100
000001101001010000111110001101100110111110101000
000011010010100001111100011011001101111101010000
000110100101000011111000110110011011111010100000
001101001010000111110001101100110111110101000000
011010010100001111100011011001101111101010000000
000000001010111110110011011000111110000101001011
000000010101111101100110110001111100001010010110
000000101011111011001101100011111000010100101100
000001010111110110011011000111110000101001011000
000010101111101100110110001111100001010010110000
000101011111011001101100011111000010100101100000
001010111110110011011000111110000101001011000000
010101111101100110110001111100001010010110000000
101011111011001101100011111000010100101100000000
010111110110011011000111110000101001011000000001
101111101100110110001111100001010010110000000010
011111011001101100011111000010100101100000000101
111110110011011000111110000101001011000000001010
111101100110110001111100001010010110000000010101
111011001101100011111000010100101100000000101011
110110011011000111110000101001011000000001010111
101100110110001111100001010010110000000010101111
011001101100011111000010100101100000000101011111
110011011000111110000101001011000000001010111110
100110110001111100001010010110000000010101111101
001101100011111000010100101100000000101011111011
011011000111110000101001011000000001010111110110
110110001111100001010010110000000010101111101100
101100011111000010100101100000000101011111011001
011000111110000101001011000000001010111110110011
110001111100001010010110000000010101111101100110
100011111000010100101100000000101011111011001101
000111110000101001011000000001010111110110011011
001111100001010010110000000010101111101100110110
011111000010100101100000000101011111011001101100
111110000101001011000000001010111110110011011000
111100001010010110000000010101111101100110110001
111000010100101100000000101011111011001101100011
110000101001011000000001010111110110011011000111
100001010010110000000010101111101100110110001111
000010100101100000000101011111011001101100011111
000101001011000000001010111110110011011000111110
001010010110000000010101111101100110110001111100
010100101100000000101011111011001101100011111000
101001011000000001010111110110011011000111110000
010010110000000010101111101100110110001111100001
100101100000000101011111011001101100011111000010
001011000000001010111110110011011000111110000101
010110000000010101111101100110110001111100001010
101100000000101011111011001101100011111000010100
011000000001010111110110011011000111110000101001
110000000010101111101100110110001111100001010010
100000000101011111011001101100011111000010100101